                  -20                   26
                  -36                   17
                  -47                   50
                  -20                   33
                  -21                   23
                  -26                   50
                  -22                   28
                  -29                   23
                  -38                   50
                  -46                    7
                   -6                   46
                  -50                   50
                  -49                    1
                   -3                   46
                  -24                   50
                    2                   47
                  -22                   22
                  -23                   50
                  -27                   23
                  -28                   26
                  -21                   50
                  -39                    5
                   -6                   47
                   -3                   50
                  -30                   21
                   -8                   43
                  -13                   50
                  -22                   26
                  -27                   20
                  -29                   50
                  -48                  -32
                   26                   41
                  -47                   50
                  -12                   35
                    6                   50
                  -50                   50
                  -48                  -32
                  -32                  -16
                  -15                   50
                  -18                   26
                  -33                   15
                   -7                   50
                  -40                  -22
                  -38                  -28
                   23                   50
                  -16                   35
                  -41                   10
                  -47                   50
                  -32                  -23
                   11                   30
                  -14                   50
                  -49                   -5
                   -3                   45
                  -29                   50
                   18                   30
                  -20                   -8
                   -3                   50
                  -41                    9
                   -7                   43
                  -33                   50
                  -50               -39298
                  -50               -49293
                  -50                 7877
                  967                   50
                45373                   50
                27513                53682
      701293
